-6.686882541 -12.69665794 3.620485696
-6.686882608 -12.67447324 3.598973973
-6.686882629 -12.66002183 3.57165966
-6.686882602 -12.65471831 3.541216473
-6.686882529 -12.65908182 3.510624402
-6.686882419 -12.67268523 3.482878013
-6.686882281 -12.69419696 3.460693315
-6.686882129 -12.72151127 3.446241903
-6.686881978 -12.75195446 3.440938379
-6.686881842 -12.78254653 3.445301891
-6.686881736 -12.81029292 3.458905306
-6.686881669 -12.83247761 3.48041703
-6.686881648 -12.84692903 3.507731343
-6.686881675 -12.85223255 3.53817453
-6.686881747 -12.84786904 3.568766601
-6.686881858 -12.83426562 3.59651299
-6.686881996 -12.8127539 3.618697687
-6.686882148 -12.78543959 3.6331491
-6.686882299 -12.7549964 3.638452624
-6.686882434 -12.72440433 3.634089112
-6.683755843 -12.58443656 3.780052878
-6.684542637 -12.51842712 3.716059871
-6.684396889 -12.4754322 3.634796461
-6.685066016 -12.45965086 3.544219075
-6.686241168 -12.47262695 3.45320006
-6.685667279 -12.51310063 3.370646997
-6.683762801 -12.57711397 3.304667605
-6.682823913 -12.65839083 3.26169528
-6.685097347 -12.74895966 3.245885806
-6.687187688 -12.83997251 3.258840407
-6.687250021 -12.92252823 3.299315202
-6.687258994 -12.98853586 3.363320352
-6.686564865 -13.03153212 3.444590435
-6.685626812 -13.04730946 3.535169972
-6.685999248 -13.0343284 3.626192684
-6.686449731 -12.99385536 3.708747716
-6.683762451 -12.92982966 3.774696292
-6.680265256 -12.84853982 3.817620556
-6.680998536 -12.7579823 3.833436932
-6.682940842 -12.6669876 3.820514129
-6.695374905 -12.47247605 3.939419128
-6.695597268 -12.36266121 3.833002296
-6.695452086 -12.29112044 3.697816734
-6.69229273 -12.2647298 3.547246252
-6.688798132 -12.28619691 3.395820858
-6.687790187 -12.35358295 3.258391196
-6.690710356 -12.46016906 3.148707574
-6.692979809 -12.59527827 3.077356028
-6.689492928 -12.74582404 3.050999302
-6.682137115 -12.89726881 3.072519118
-6.677834072 -13.03463183 3.139909561
-6.679412889 -13.14447076 3.246328017
-6.683589896 -13.21606753 3.381459237
-6.688483646 -13.24233283 3.532134216
-6.686683197 -13.2206147 3.683461972
-6.682622116 -13.15302417 3.820813126
-6.688493749 -13.04632015 3.930644024
-6.694037831 -12.91134811 4.001924011
-6.695291207 -12.76121121 4.02805668
-6.696366941 -12.60993502 4.00658081
-6.67133762 -12.36126936 4.097849117
-6.675203907 -12.20750349 3.949502417
-6.673315228 -12.10776345 3.761031489
-6.671828627 -12.07085619 3.550736739
-6.679178081 -12.10017581 3.338719165
-6.684707039 -12.19415297 3.146144157
-6.684087266 -12.34334166 2.992638962
-6.68516319 -12.53221218 2.892908405
-6.689014056 -12.74282201 2.856102216
-6.689855087 -12.95483018 2.886327712
-6.688310576 -13.1468195 2.980571458
-6.687618343 -13.30028981 3.129177953
-6.686597175 -13.40047665 3.318217474
-6.686619057 -13.43731553 3.529188303
-6.687524751 -13.40700803 3.740875774
-6.682967042 -13.3119467 3.933103108
-6.674256247 -13.16201169 4.08646324
-6.668526924 -12.97337187 4.185306623
-6.669049139 -12.76398612 4.221495043
-6.670180924 -12.55319537 4.191568519
-6.696713844 -12.25050387 4.256630983
-6.703039402 -12.05341788 4.065661869
-6.707110913 -11.92584566 3.823315331
-6.703888424 -11.87844348 3.554317439
-6.697212726 -11.91478265 3.282383297
-6.69210851 -12.03470283 3.034198678
-6.68852615 -12.2263772 2.836518936
-6.687765714 -12.46905313 2.708303488
-6.684857191 -12.73969104 2.661278488
-6.673982838 -13.01187621 2.70061478
-6.669297066 -13.25846317 2.821755925
-6.674600389 -13.45589421 3.012288246
-6.678496863 -13.5848205 3.254990278
-6.68026651 -13.63222306 3.526143131
-6.682511936 -13.59322708 3.798382014
-6.687710858 -13.47059712 4.045657648
-6.693368596 -13.27716562 4.2425178
-6.695229727 -13.03505044 4.368806598
-6.696320715 -12.76695685 4.414831703
-6.695823626 -12.4965753 4.376612876
-6.670755922 -12.13926919 4.414690412
-6.674459263 -11.89861134 4.181061002
-6.67789391 -11.74303535 3.886034067
-6.678758604 -11.68493015 3.55860054
-6.679660004 -11.72889723 3.226442412
-6.681044479 -11.87519329 2.922672294
-6.681294156 -12.1093712 2.680649976
-6.682493027 -12.40598437 2.523775257
-6.686620371 -12.73700942 2.466506081
-6.685911989 -13.06969583 2.514727633
-6.679750631 -13.37053709 2.662453914
-6.677016974 -13.6116047 2.895071574
-6.679295375 -13.76930592 3.191671186
-6.680287339 -13.82725815 3.523072706
-6.677300313 -13.77935843 3.856051179
-6.674213283 -13.62895786 4.1583918
-6.671519025 -13.39231239 4.3985198
-6.669384404 -13.09663881 4.552330859
-6.670931915 -12.76966863 4.6084883
-6.671452259 -12.43989032 4.561803659
-6.702840457 -12.02870878 4.572377307
-6.707269243 -11.74484852 4.296812288
-6.709357919 -11.56085161 3.948988674
-6.70904323 -11.49205543 3.562689324
-6.704945529 -11.54376081 3.170550483
-6.698244856 -11.71602676 2.811422638
-6.692152683 -11.99238668 2.524957393
-6.686929419 -12.3429735 2.339305311
-6.678833591 -12.73405733 2.271893591
-6.662346945 -13.12627311 2.32964004
-6.647813627 -13.48085769 2.504653328
-6.646767111 -13.76568218 2.779241823
-6.655577229 -13.95252542 3.129099138
-6.6666139 -14.02169427 3.520257411
-6.676320294 -13.96536264 3.913810599
-6.685880108 -13.78736118 4.271181858
-6.692182162 -13.50753736 4.554614987
-6.697282461 -13.1584241 4.735494228
-6.70283255 -12.7725391 4.80107142
-6.70247877 -12.38324836 4.745972001
-6.673908823 -11.9176022 4.730153098
-6.678813247 -11.59023172 4.412607121
-6.682572313 -11.37795285 4.012042413
-6.682656102 -11.29859325 3.566968546
-6.679835807 -11.35835073 3.115083212
-6.678264159 -11.55676196 2.700743978
-6.678145412 -11.87526813 2.369662431
-6.678121015 -12.27985412 2.154993907
-6.678726444 -12.73151678 2.077119377
-6.673087705 -13.18443254 2.143858813
-6.659388768 -13.59330559 2.345600781
-6.647908629 -13.92145651 2.66204267
-6.647217996 -14.13676456 3.065739331
-6.653916467 -14.21628269 3.517421835
-6.662084048 -14.15097803 3.971868151
-6.669695266 -13.94548665 4.384203675
-6.671850233 -13.62262074 4.710869483
-6.67268739 -13.21973919 4.91923563
-6.675136053 -12.77499151 4.994469302
-6.673715916 -12.32651247 4.930531405
-6.714814207 -11.80793902 4.886620435
-6.719106766 -11.43772241 4.527764661
-6.721217593 -11.19703269 4.074685397
-6.720002127 -11.10693607 3.570882783
-6.714198387 -11.17441004 3.059451101
-6.706468358 -11.39840442 2.59035326
-6.699101593 -11.75858734 2.214820016
-6.688103793 -12.21693606 1.970942864
-6.668938591 -12.72844541 1.883012822
-6.640946558 -13.24021263 1.959953753
-6.614213358 -13.70156724 2.189406104
-6.599618755 -14.07227862 2.547821539
-6.602886574 -14.31662291 3.00444512
-6.62362924 -14.4085425 3.51535276
-6.654360739 -14.33628146 4.029887962
-6.6826715 -14.10375608 4.496807127
-6.698672509 -13.73757624 4.866146462
-6.708822841 -13.28105689 5.101103246
-6.715748035 -12.77746566 5.185523887
-6.714781647 -12.27008234 5.113017313
-6.690775305 -11.69663129 5.044963498
-6.69080834 -11.2832581 4.643842696
-6.691597177 -11.01460662 4.137842313
-6.690519062 -10.91391258 3.575169009
-6.688081021 -10.98909121 3.004090395
-6.684297291 -11.23905918 2.480031887
-6.680741186 -11.64129211 2.060073177
-6.67624022 -12.15359391 1.786967709
-6.666158413 -12.72583994 1.688224751
-6.643490449 -13.29857356 1.77388304
-6.614805602 -13.81437251 2.030082668
-6.595972675 -14.22826237 2.43053377
-6.597089364 -14.50096397 2.940777941
-6.617292351 -14.60337282 3.512135211
-6.644832826 -14.52201107 4.08801936
-6.667934279 -14.26173428 4.610198641
-6.678832172 -13.8524131 5.022631817
-6.68305577 -13.34203924 5.28476244
-6.690759436 -12.77943481 5.379138456
-6.694062062 -12.21285059 5.298319974
-6.728929875 -11.58640066 5.201634756
-6.730912975 -11.13050445 4.758847891
-6.732263853 -10.83403151 4.200354888
-6.73215062 -10.72307088 3.579195172
-6.73044582 -10.80653093 2.949103957
-6.72335312 -11.08221271 2.370691348
-6.70867488 -11.52531201 1.906013774
-6.685453172 -12.09061999 1.603229559
-6.65507384 -12.72265416 1.493892662
-6.614893344 -13.35438075 1.589261758
-6.568271566 -13.92170532 1.874131162
-6.537102404 -14.37648127 2.317905645
-6.541415273 -14.67809333 2.881054033
-6.579043801 -14.7941637 3.510948502
-6.632801636 -14.70678243 4.146292244
-6.682463745 -14.41971395 4.722449113
-6.709474021 -13.9670546 5.177457308
-6.719299284 -13.40328649 5.466748286
-6.72748754 -12.78200062 5.570939853
-6.730165837 -12.15613138 5.481597364
-6.701489906 -11.47518818 5.359678269
-6.703549837 -10.97593013 4.87498107
-6.704497373 -10.65134811 4.263546108
-6.703872079 -10.52990924 3.583316943
-6.70173831 -10.62146632 2.893824617
-6.694997397 -10.92324459 2.261108033
-6.685870856 -11.40789723 1.752005542
-6.67845306 -12.0272438 1.419879328
-6.670962411 -12.72085511 1.300555889
-6.646593397 -13.41381627 1.406344733
-6.599676093 -14.03521513 1.718491779
-6.553893361 -14.53271852 2.202329287
-6.542467967 -14.86242241 2.817295811
-6.573832595 -14.98899846 3.5074035
-6.624167317 -14.89246688 4.204355306
-6.667442784 -14.57741478 4.836013641
-6.691995224 -14.08192439 5.334353052
-6.701770887 -13.46468109 5.65118984
-6.705352115 -12.78411908 5.764893529
-6.703812175 -12.09894598 5.666433528
-6.741851856 -11.36512486 5.516004196
-6.744689538 -10.82343277 4.989927817
-6.747976897 -10.47134462 4.325874768
-6.748235445 -10.33965673 3.587248855
-6.744242131 -10.4389853 2.838720965
-6.737020082 -10.76668218 2.152249438
-6.726362943 -11.29297999 1.599646581
-6.718779818 -11.96545045 1.239572994
-6.722008253 -12.71922266 1.112792224
-6.699753273 -13.47275444 1.228345
-6.625285245 -14.14804748 1.563698371
-6.537380682 -14.6867682 2.086972411
-6.501175475 -15.04258033 2.755902441
-6.53775804 -15.18035394 3.506216128
-6.610671644 -15.07731305 4.262875005
-6.679033374 -14.73569466 4.948353174
-6.720171105 -14.19692566 5.489257539
-6.735468897 -13.52592 5.833542895
-6.742224955 -12.7863943 5.956654423
-6.743851355 -12.04220487 5.8489978
-6.721893023 -11.2533457 5.674717304
-6.72359962 -10.66830032 5.10651635
-6.724028329 -10.28818603 4.389164252
-6.72383125 -10.14597375 3.591348045
-6.722359953 -10.25318274 2.783070092
-6.717182322 -10.6069415 2.041928195
-6.709740839 -11.17543308 1.445036108
-6.707235586 -11.90256642 1.055612955
-6.717255671 -12.7027391 1.015618628
-6.705308731 -13.51619714 1.142203898
-6.651548059 -14.26084853 1.410336012
-6.573108222 -14.84319741 1.975115826
-6.524307652 -15.22647422 2.693870779
-6.547554383 -15.37491822 3.502281215
-6.609948461 -15.26330516 4.320314364
-6.67001829 -14.89383807 5.061805253
-6.704842613 -14.31196092 5.646189747
-6.716261471 -13.58724462 6.017894048
-6.719979432 -12.78837982 6.150638163
-6.721804157 -11.98467785 6.03424966
-6.760554426 -11.14319637 5.831336001
-6.764048206 -10.5156086 5.221451484
-6.765423693 -10.10771896 4.451555845
-6.765364034 -9.955103977 3.595298223
-6.763246654 -10.07031454 2.727989294
-6.755828078 -10.44985591 1.932649113
-6.746945946 -11.05985048 1.292226048
-6.748134107 -11.83294214 0.8758591111
-6.761652913 -12.6931096 0.8301482757
-6.737699121 -13.58223035 0.9669460319
-6.654253239 -14.38086756 1.255493569
-6.547439516 -14.99686008 1.858294901
-6.483220761 -15.40651835 2.632090989
-6.509332876 -15.56589764 3.501381994
-6.59325134 -15.44777459 4.379104842
-6.678932364 -15.05227355 5.174258377
-6.731351671 -14.42717462 5.801165972
-6.751142471 -13.64841662 6.200011333
-6.756820138 -12.79050892 6.342459669
-6.758800008 -11.92784512 6.217419938
-6.740086218 -11.03135836 5.989989606
-6.743658132 -10.36037633 5.338076237
-6.744813451 -9.924222604 4.514956078
-6.746516769 -9.760867751 3.599296782
-6.749770045 -9.883893188 2.671991141
-6.747870097 -10.28962882 1.8216955
-6.746549428 -10.94038918 1.137632827
-6.750614383 -11.78481277 0.7894971577
-6.761652913 -12.6931096 0.8301482757
-6.749984243 -13.62116293 0.9020094843
-6.67370649 -14.47642069 1.13573397
-6.600452071 -15.13200445 1.769218863
-6.547208859 -15.58052438 2.581170128
-6.531874298 -15.75887712 3.498085594
-6.595829066 -15.63362354 4.436429368
-6.672227035 -15.21066139 5.287628297
-6.717574837 -14.54235556 5.958007631
-6.732405381 -13.70975941 6.384401169
-6.737575374 -12.79245824 6.536743759
-6.739164273 -11.87020436 6.402893699
-6.77854448 -10.92116703 6.146652735
-6.782545824 -10.20743789 5.453171848
-6.785019226 -9.743594524 4.577562502
-6.79022174 -9.57051652 3.603497379
-6.787873563 -9.700926109 2.616682728
-6.770688055 -10.13052052 1.711436171
-6.818275876 -10.84178841 1.007484337
-6.814878555 -11.7576608 0.7272164768
-6.761652913 -12.6931096 0.8301482757
-6.749984243 -13.62116293 0.9020094843
-6.67370649 -14.47642069 1.13573397
-6.600452071 -15.13200445 1.769218863
-6.505640194 -15.66677212 2.565719751
-6.459176642 -15.93337792 3.498299908
-6.570219127 -15.81012075 4.495302448
-6.69464396 -15.36879104 5.3984834
-6.754976951 -14.65703612 6.111281123
-6.772854383 -13.7705955 6.565468977
-6.775691953 -12.79446326 6.728297066
-6.776155301 -11.81333106 6.586062431
-6.761957918 -10.80914484 6.305601272
-6.764754704 -10.05201539 5.569939512
-6.766248322 -9.559971877 4.640985163
-6.771130793 -9.376361047 3.60742356
-6.777786186 -9.514515782 2.560705311
-6.771205567 -10.00042728 1.640385079
-6.819905069 -10.80066283 0.9790936285
-6.814878555 -11.7576608 0.7272164768
-6.761652913 -12.6931096 0.8301482757
-6.749984243 -13.62116293 0.9020094843
-6.67370649 -14.47642069 1.13573397
-6.600452071 -15.13200445 1.769218863
-6.527263149 -15.76326066 2.555360785
-6.491281058 -16.12716821 3.500401528
-6.581667908 -15.99568858 4.551218482
-6.68990376 -15.5270756 5.511410056
-6.743313061 -14.77244259 6.268300954
-6.760461729 -13.83232353 6.75023008
-6.762593685 -12.79652327 6.923040167
-6.762042221 -11.75554147 6.771953371
-6.805112956 -10.69943152 6.461426254
-6.808796931 -9.899935115 5.684438824
-6.812875846 -9.380659247 4.703232939
-6.820800972 -9.187349994 3.611727778
-6.828434125 -9.331120766 2.510773893
-6.82072335 -9.828547078 1.55333378
-6.844161104 -10.71749822 0.9292690669
-6.814878555 -11.7576608 0.7272164768
-6.761652913 -12.6931096 0.8301482757
-6.749984243 -13.62116293 0.9020094843
-6.67370649 -14.47642069 1.13573397
-6.600452071 -15.13200445 1.769218863
-6.524131054 -15.86235397 2.547186125
-6.496392338 -16.32364478 3.506561464
-6.607230671 -16.18091998 4.607091119
-6.728094004 -15.68446594 5.619815954
-6.788241807 -14.88648897 6.420039446
-6.807419326 -13.89277333 6.929916032
-6.806722093 -12.79845752 7.113362011
-6.80472727 -11.69891606 6.954024443
-6.78443554 -10.58759778 6.620037764
-6.790430385 -9.744523193 5.801104253
-6.798347072 -9.196656585 4.766686699
-6.809974081 -8.992204187 3.616736644
-6.823023408 -9.140419473 2.46230464
-6.820010349 -9.691560975 1.494112404
-6.844513567 -10.67310624 0.9062641132
-6.814878555 -11.7576608 0.7272164768
-6.761652913 -12.6931096 0.8301482757
-6.749984243 -13.62116293 0.9020094843
-6.67370649 -14.47642069 1.13573397
-6.600452071 -15.13200445 1.769218863
-6.524131054 -15.86235397 2.547186125
-6.481903822 -16.41988094 3.524609826
-6.582982598 -16.36462862 4.670218546
-6.71303881 -15.84207764 5.734231494
-6.779032762 -15.00216946 6.576956584
-6.796663261 -13.95476214 7.114634878
-6.790739005 -12.80069097 7.307838
-6.785228833 -11.64131614 7.139500394
-6.823768079 -10.47742328 6.776532404
-6.832181215 -9.592216013 5.916113179
-6.844395552 -9.017306478 4.829440213
-6.857590605 -8.802159649 3.623658231
-6.871531076 -8.953438527 2.420639035
-6.872601712 -9.513073773 1.42254471
-6.872237602 -10.58593773 0.8659160492
-6.814878555 -11.7576608 0.7272164768
-6.761652913 -12.6931096 0.8301482757
-6.749984243 -13.62116293 0.9020094843
-6.67370649 -14.47642069 1.13573397
-6.600452071 -15.13200445 1.769218863
-6.524131054 -15.86235397 2.547186125
-6.480637936 -16.51630192 3.548344751
-6.590867387 -16.54928614 4.737391139
-6.733762279 -16.00060477 5.846068855
-6.80519008 -15.11776707 6.731888911
-6.828006562 -14.01623188 7.297187543
-6.826789074 -12.80278044 7.499754627
-6.82417413 -11.58440775 7.322268656
-6.807925261 -10.36534231 6.935503634
-6.815268161 -9.436711337 6.03291075
-6.830138607 -8.833379839 4.893536364
-6.852316368 -8.606462572 3.632053827
-6.877952178 -8.760128206 2.38071439
-6.885062125 -9.329362488 1.347729779
-6.87865181 -10.4968429 0.821516386
-6.814878555 -11.7576608 0.7272164768
-6.761652913 -12.6931096 0.8301482757
-6.749984243 -13.62116293 0.9020094843
-6.67370649 -14.47642069 1.13573397
-6.600452071 -15.13200445 1.769218863
-6.524131054 -15.86235397 2.547186125
-6.484100563 -16.61029745 3.575661361
-6.603110209 -16.72987548 4.809240255
-6.739590943 -16.15731601 5.96011567
-6.802026244 -15.23352821 6.889018214
-6.827834331 -14.07838725 7.482186927
-6.823829516 -12.80505157 7.694788357
-6.813636923 -11.5266675 7.508282834
-6.855128642 -10.25622343 7.090661465
-6.867177722 -9.286598511 6.146887312
-6.885789896 -8.656576523 4.956964542
-6.907070758 -8.417965006 3.64325391
-6.932329129 -8.573170539 2.346181981
-6.950591817 -9.152817642 1.284269227
-6.916421054 -10.41191086 0.7853832254
-6.814878555 -11.7576608 0.7272164768
-6.761652913 -12.6931096 0.8301482757
-6.749984243 -13.62116293 0.9020094843
-6.67370649 -14.47642069 1.13573397
-6.600452071 -15.13200445 1.769218863
-6.524131054 -15.86235397 2.547186125
-6.492489811 -16.70408743 3.606650917
-6.631568636 -16.90943076 4.885772131
-6.780695378 -16.3122686 6.073073672
-6.84610043 -15.34745706 7.041441673
-6.872500358 -14.13912421 7.662279025
-6.867731328 -12.80704588 7.885112396
-6.85871886 -11.47000975 7.689726898
-6.83532482 -10.14436117 7.249312794
-6.849754475 -9.131236609 6.263931512
-6.872389083 -8.472824667 5.022526514
-6.904791032 -8.222112942 3.655428241
-6.940879535 -8.379015916 2.310930434
-6.96568216 -8.969629705 1.210264413
-6.925395156 -10.32395068 0.7396797484
-6.814878555 -11.7576608 0.7272164768
-6.761652913 -12.6931096 0.8301482757
-6.749984243 -13.62116293 0.9020094843
-6.67370649 -14.47642069 1.13573397
-6.600452071 -15.13200445 1.769218863
-6.524131054 -15.86235397 2.547186125
-6.468125479 -16.79373943 3.642294485
-6.589943427 -17.08258249 4.972758104
-6.754123598 -16.46454695 6.194580018
-6.832970039 -15.46170938 7.19925303
-6.86176675 -14.20115961 7.847055805
-6.849917458 -12.80958564 8.079396047
-6.836751614 -11.41266078 7.874925742
-6.874428511 -10.03532631 7.405627446
-6.902332055 -8.981602265 6.378515683
-6.932143196 -8.297831712 5.087834004
-6.969723802 -8.0367704 3.670475014
-7.011703624 -8.196733389 2.282073318
-7.041220348 -8.796531469 1.148654534
-6.963033188 -10.23952584 0.7022823584
-6.814878555 -11.7576608 0.7272164768
-6.761652913 -12.6931096 0.8301482757
-6.749984243 -13.62116293 0.9020094843
-6.67370649 -14.47642069 1.13573397
-6.600452071 -15.13200445 1.769218863
-6.524131054 -15.86235397 2.547186125
-6.488167231 -16.88680215 3.671093847
-6.637353188 -17.2590418 5.047467544
-6.808285424 -16.61531941 6.308003288
-6.888587071 -15.57297384 7.350470015
-6.915380738 -14.26060085 8.025027903
-6.886188224 -12.81079194 8.270433054
-6.86250299 -11.35565438 8.059041016
-6.864126496 -9.923211603 7.565022532
-6.888156119 -8.82634744 6.496291778
-6.919731803 -8.114379706 5.154964499
-6.965395937 -7.840928938 3.685004319
-7.016244695 -8.002446813 2.248219101
-7.052682793 -8.614879127 1.072039569
-6.970262135 -10.15309137 0.6538562167
-6.814878555 -11.7576608 0.7272164768
-6.761652913 -12.6931096 0.8301482757
-6.749984243 -13.62116293 0.9020094843
-6.67370649 -14.47642069 1.13573397
-6.600452071 -15.13200445 1.769218863
-6.524131054 -15.86235397 2.547186125
-6.46496467 -16.97789347 3.702269104
-6.596388678 -17.43249764 5.131447458
-6.779608553 -16.76546638 6.432073501
-6.869620811 -15.68555009 7.509595235
-6.901368256 -14.32200952 8.210068064
-6.87678183 -12.81329761 8.465316985
-6.855155706 -11.29800605 8.245299238
-6.904883389 -9.813906399 7.721863227
-6.93501423 -8.676137439 6.612557267
-6.976724084 -7.939187449 5.222385923
-7.030237315 -7.655860517 3.702506467
-7.08456864 -7.819342128 2.219687251
-7.128788789 -8.443752545 1.007022546
-7.011602183 -10.07166388 0.6138917303
-6.814878555 -11.7576608 0.7272164768
-6.761652913 -12.6931096 0.8301482757
-6.749984243 -13.62116293 0.9020094843
-6.67370649 -14.47642069 1.13573397
-6.600452071 -15.13200445 1.769218863
-6.524131054 -15.86235397 2.547186125
-6.494552736 -17.07030556 3.723780011
-6.658417451 -17.60703934 5.197202929
-6.841996238 -16.91375174 6.543779394
-6.927305475 -15.79514472 7.66135064
-6.952522526 -14.38088008 8.389139313
-6.921202941 -12.81452893 8.655657524
-6.895767918 -11.24118104 8.427877774
