9.287533998 -0.1716849127 -2.042524459
9.287533998 -0.03942097276 -2.12239389
9.287533998 0.06168849784 -2.239226037
9.287533998 0.1217461997 -2.381584557
9.287533998 0.1348732665 -2.535534405
9.287533998 0.09978472946 -2.686005899
9.287533998 0.0199152991 -2.818269838
9.287533998 -0.09691684827 -2.919379309
9.287533998 -0.239275368 -2.979437011
9.287533998 -0.3932252164 -2.992564078
9.287533998 -0.5436967097 -2.957475541
9.287533998 -0.6759606496 -2.87760611
9.287533998 -0.7770701202 -2.760773963
9.287533998 -0.837127822 -2.618415443
9.287533998 -0.8502548888 -2.464465595
9.287533998 -0.8151663518 -2.313994101
9.287533998 -0.7352969214 -2.181730162
9.287533998 -0.618464774 -2.080620691
9.287533998 -0.4761062543 -2.020562989
9.287533998 -0.3221564059 -2.007435922
9.305806769 0.3792956205 -0.6873769707
9.320039026 0.9034048198 -1.003829751
9.323245437 1.303797882 -1.466763987
9.328516455 1.541495174 -2.030928357
9.313186953 1.593917404 -2.640914482
9.299958834 1.455245106 -3.237125674
9.298203651 1.138741417 -3.761292179
9.294596234 0.6757505062 -4.161989365
9.28652539 0.111585378 -4.400012153
9.282458527 -0.4985160526 -4.452051305
9.283481726 -1.094838503 -4.312994269
9.282392479 -1.619003927 -3.99646461
9.281000261 -2.019697012 -3.533453757
9.277817595 -2.257691203 -2.969280898
9.290601687 -2.30955822 -2.359238813
9.302112188 -2.170323617 -1.76301112
9.273374805 -1.853798891 -1.239017433
9.239047448 -1.390780611 -0.8387236435
9.234956884 -0.8267085275 -0.6008619855
9.263444776 -0.216843646 -0.5485213082
9.250360091 0.9299951124 0.6645607923
9.21466313 1.845335315 0.1115787796
9.206051792 2.542830274 -0.6969988122
9.204654066 2.957321747 -1.680181124
9.224986672 3.050250519 -2.743810283
9.259143063 2.810082456 -3.786919773
9.299379905 2.257054838 -4.703693744
9.338014887 1.447323864 -5.403595017
9.330785969 0.4617306332 -5.820008233
9.310426744 -0.603857688 -5.911328283
9.301611535 -1.645928729 -5.668365682
9.295561508 -2.561991353 -5.115213259
9.308582016 -3.262080718 -4.305856231
9.298667448 -3.677799728 -3.319328415
9.259098677 -3.76805495 -2.25340053
9.253465639 -3.523971795 -1.211853019
9.302504457 -2.96864238 -0.2960998826
9.367692068 -2.158625344 0.399876557
9.384984471 -1.177847964 0.8125142533
9.326057033 -0.1145108376 0.9058052001
9.355381258 1.479151702 2.009275551
9.428949262 2.782733428 1.215960809
9.436176341 3.772145269 0.06460707931
9.399273492 4.366042074 -1.330438946
9.370623984 4.503159719 -2.842329846
9.342544964 4.163380267 -4.332520222
9.282411416 3.373552257 -5.644483313
9.238560269 2.216719271 -6.643410436
9.23181969 0.8123602372 -7.237457132
9.244437654 -0.7079019813 -7.369149158
9.255888005 -2.196471068 -7.023335188
9.247128238 -3.504476117 -6.232960697
9.240283878 -4.50373084 -5.077195811
9.275839075 -5.095864754 -3.668900263
9.323795246 -5.2241644 -2.146471903
9.283029805 -4.873856553 -0.6592143639
9.173394298 -4.070719189 0.646700048
9.117592531 -2.911046924 1.631878242
9.146619614 -1.526978547 2.215680348
9.239038439 -0.01742357225 2.353744868
