-16.60136018 -5.653034886 0.1508302784
-16.60136021 -5.633463385 0.1269164463
-16.60136026 -5.622239561 0.0981251139
-16.60136031 -5.620462082 0.06727457751
-16.60136037 -5.628304939 0.03738470255
-16.60136041 -5.645000418 0.01138131825
-16.60136045 -5.668914251 -0.008190182965
-16.60136048 -5.697705583 -0.01941400619
-16.60136049 -5.728556119 -0.02119148542
-16.60136049 -5.758445994 -0.01334862858
-16.60136046 -5.784449379 0.003346850835
-16.60136043 -5.80402088 0.02726068299
-16.60136038 -5.815244703 0.05605201537
-16.60136033 -5.817022182 0.08690255176
-16.60136028 -5.809179325 0.1167924267
-16.60136023 -5.792483846 0.142795811
-16.60136019 -5.768570014 0.1623673122
-16.60136016 -5.739778681 0.1735911355
-16.60136015 -5.708928145 0.1753686147
-16.60136016 -5.67903827 0.1675257579
-16.59435606 -5.52336734 0.2963719271
-16.59427843 -5.465125047 0.2252510735
-16.5985903 -5.431649092 0.139658732
-16.60335307 -5.4263739 0.04791017817
-16.60418091 -5.449785177 -0.0409772737
-16.59820892 -5.499451587 -0.1183198591
-16.59434817 -5.570548094 -0.1765453277
-16.59464515 -5.656174713 -0.2099356252
-16.59536606 -5.747938725 -0.2152405638
-16.59660042 -5.836857459 -0.1919414126
-16.59679894 -5.914209407 -0.1422842906
-16.59724063 -5.972435785 -0.0711393544
-16.59924096 -6.005854612 0.01450721997
-16.60106251 -6.0111588 0.1062880914
-16.60269232 -5.987818895 0.1952174975
-16.60359397 -5.938141408 0.2725836138
-16.60254401 -5.866993523 0.3308185973
-16.60072118 -5.78133307 0.3642152985
-16.60044933 -5.689542534 0.3695025599
-16.59886279 -5.60065563 0.346117074
-16.60951207 -5.393606095 0.441329179
-16.60964207 -5.297221362 0.3237056014
-16.60442373 -5.241583891 0.1814186846
-16.59723665 -5.232549387 0.02840560003
-16.59845304 -5.271480234 -0.1194738205
-16.60547376 -5.354340636 -0.2480611995
-16.61045713 -5.472573617 -0.3445587767
-16.61079145 -5.614671106 -0.3999235544
-16.60849641 -5.767118788 -0.4089446021
-16.60739242 -5.915057639 -0.3702971773
-16.60890368 -6.043714435 -0.2877133014
-16.60914191 -6.140523455 -0.1695125885
-16.60633266 -6.196272051 -0.02715598235
-16.60277808 -6.205238955 0.1256317318
-16.59928295 -6.166395721 0.2736521035
-16.59889445 -6.083735739 0.4023435777
-16.60004266 -5.965409844 0.4992317025
-16.5996733 -5.822928337 0.5548101304
-16.60221077 -5.670127429 0.5635719916
-16.60709102 -5.522015489 0.5242550568
-16.58332374 -5.264707033 0.5854103998
-16.58569135 -5.130062291 0.4216456519
-16.59378373 -5.051761741 0.2234471962
-16.59930912 -5.038687209 0.009176555244
-16.59781935 -5.093350403 -0.1980062399
-16.58810583 -5.210200232 -0.3775877182
-16.58226192 -5.375680717 -0.511788558
-16.58376014 -5.573320633 -0.5888712994
-16.58711148 -5.785946215 -0.6019175025
-16.58933293 -5.993060605 -0.5481303441
-16.59353143 -6.173214641 -0.4327484649
-16.59674466 -6.308515124 -0.2679271113
-16.59599449 -6.386324204 -0.06905420938
-16.60072002 -6.399057427 0.1449129902
-16.60500794 -6.344922816 0.3521235599
-16.60488705 -6.229350171 0.5320956555
-16.60727069 -6.063807917 0.6675129675
-16.60862945 -5.864434992 0.7451968503
-16.60435909 -5.6505581 0.7573953244
-16.5932833 -5.443585103 0.7018632431
-16.61585366 -5.13589047 0.7286914002
-16.61229385 -4.96370875 0.5198422291
-16.60184386 -4.862184761 0.2658260941
-16.59838682 -4.844817287 -0.01010560712
-16.60684937 -4.91588801 -0.2769821314
-16.61314524 -5.067055981 -0.5074809377
-16.61568609 -5.279191925 -0.6785521035
-16.61715467 -5.531753899 -0.7768242002
-16.61607724 -5.804295491 -0.7939894993
-16.6136473 -6.070341447 -0.725663365
-16.61364972 -6.301919189 -0.5780079336
-16.61221805 -6.476228574 -0.3663174935
-16.60531608 -6.576618451 -0.110772465
-16.60259039 -6.593088584 0.1641466586
-16.6035214 -6.523551103 0.4305388635
-16.60063158 -6.374855739 0.6618299004
-16.59717208 -6.161955492 0.8357394277
-16.59572176 -5.905974646 0.9354604906
-16.59878229 -5.630872892 0.9507253261
-16.60896215 -5.364542876 0.8783293038
-16.58241047 -5.006942362 0.8720935406
-16.58401397 -4.797617296 0.6185301918
-16.58585268 -4.672981816 0.3085798262
-16.59101351 -4.651169756 -0.02935677269
-16.59336791 -4.738519303 -0.3561908801
-16.58753949 -4.923865684 -0.6373696916
-16.58367935 -5.182881207 -0.8455755165
-16.58402529 -5.490469407 -0.9649722795
-16.58555785 -5.822502469 -0.9859369469
-16.58749657 -6.147310152 -0.9029944627
-16.59045629 -6.430432473 -0.7230218513
-16.59464708 -6.643675164 -0.464872802
-16.59748117 -6.766773487 -0.152819282
-16.60266554 -6.787153783 0.1832907421
-16.60693427 -6.702135128 0.5089627099
-16.60588188 -6.520343288 0.791690934
-16.60470354 -6.260170748 1.004172085
-16.60162545 -5.947336743 1.125960893
-16.59034536 -5.610745268 1.143605233
-16.58188012 -5.285142986 1.053962165
-16.59980326 -4.877313616 1.017111277
-16.60928854 -4.631146893 0.71723947
-16.61184003 -4.484382927 0.3510980608
-16.61344092 -4.45849231 -0.04820420824
-16.61770948 -4.562032329 -0.4350805466
-16.62016792 -4.781500279 -0.7667451841
-16.62256772 -5.087272502 -1.011450796
-16.61949512 -5.449497302 -1.15266764
-16.61661862 -5.84060202 -1.177874492
-16.61529177 -6.224001518 -1.080232413
-16.61531365 -6.558391554 -0.8682424897
-16.62105547 -6.810038905 -0.563335186
-16.61802909 -6.955838982 -0.1946118795
-16.60264778 -6.980444608 0.2023058685
-16.59290623 -6.880000319 0.5870594
-16.59248822 -6.665420279 0.9211948404
-16.58736562 -6.358277175 1.17183447
-16.57871503 -5.988694936 1.315248098
-16.577945 -5.590738325 1.336443489
-16.58750795 -5.205612719 1.231482847
-16.55604154 -4.749087619 1.158096923
-16.57291506 -4.465190688 0.8138078764
-16.58681892 -4.29558428 0.3929205917
-16.59589805 -4.265432194 -0.067544647
-16.59692112 -4.385121305 -0.514121146
-16.59221506 -4.638561516 -0.896616122
-16.59481196 -4.990682615 -1.179055482
-16.60035254 -5.407821254 -1.342366998
-16.60328912 -5.858797604 -1.371621484
-16.59964367 -6.301024438 -1.258720559
-16.59648223 -6.686933628 -1.01369283
-16.59967316 -6.977185975 -0.6619200855
-16.60639813 -7.144999862 -0.2367138124
-16.61375267 -7.173237049 0.2214675049
-16.61431924 -7.057525066 0.6653154278
-16.60906121 -6.810287874 1.050718707
-16.59701566 -6.456159501 1.34026804
-16.57811358 -6.029728136 1.505637507
-16.55752475 -5.570669745 1.52847577
-16.54799769 -5.127092101 1.405408815
-16.56516212 -4.619139863 1.303726368
-16.59066223 -4.298245812 0.9131354428
-16.61556432 -4.107596278 0.4356963551
-16.62946355 -4.074329445 -0.08622010597
-16.6349609 -4.210522604 -0.5920630742
-16.63786499 -4.497616385 -1.024097082
-16.64216449 -4.89533239 -1.343084056
-16.64181114 -5.36667306 -1.528762624
-16.64187461 -5.87684178 -1.562115409
-16.64335818 -6.376698795 -1.433314181
-16.64245401 -6.812650928 -1.155994427
-16.63858965 -7.141830654 -0.7592671471
-16.63043966 -7.333458103 -0.2787038398
-16.6190545 -7.366718161 0.2405451341
-16.60684662 -7.236015335 0.7436458392
-16.59486678 -6.955777674 1.179986337
-16.57553629 -6.554619016 1.50737113
-16.55140688 -6.071326996 1.694299019
-16.53875607 -5.550630472 1.720949724
-16.54668116 -5.047589786 1.583123818
-16.51199513 -4.491802412 1.44207568
-16.55091634 -4.132214888 1.007717366
-16.58982706 -3.918455267 0.4760552175
-16.61007906 -3.881289363 -0.1060873092
-16.61511525 -4.033438424 -0.6712948037
-16.61626787 -4.353894791 -1.154395184
-16.61949535 -4.79806213 -1.511041854
-16.62223909 -5.324911928 -1.718455733
-16.62531479 -5.895323037 -1.755629675
-16.62388109 -6.453849124 -1.611481166
-16.62075733 -6.940863208 -1.301589054
-16.62133344 -7.308912386 -0.8585258597
-16.62573632 -7.523260681 -0.321263417
-16.6312008 -7.560011073 0.2595499659
-16.62929795 -7.4132778 0.821923895
-16.61564949 -7.100033087 1.309590753
-16.58518587 -6.65211933 1.675827393
-16.53956872 -6.112388537 1.883589904
-16.49807209 -5.531307415 1.909537013
-16.48966123 -4.970404527 1.753097657
-16.50623062 -4.361783904 1.587604597
-16.55756036 -3.964589696 1.107120907
-16.61133971 -3.729628559 0.5188602169
-16.64377467 -3.690258372 -0.1246506541
-16.6589332 -3.859623337 -0.7482901579
-16.66627082 -4.213522123 -1.280834437
-16.66888023 -4.703014015 -1.674640996
-16.66956103 -5.283955843 -1.903674145
-16.67352044 -5.913211724 -1.944088227
-16.67280902 -6.52930147 -1.784932205
-16.66860315 -7.066263117 -1.44372104
-16.66580613 -7.472476988 -0.9555629943
-16.65811215 -7.710615619 -0.3629976819
-16.64346977 -7.753113402 0.2785403438
-16.62675202 -7.59181544 0.9002514261
-16.60491698 -7.245825114 1.438840785
-16.56620652 -6.750962776 1.842935389
-16.51872496 -6.153820587 2.072812598
-16.48280044 -5.51072153 2.102741867
-16.47848476 -4.890776425 1.930995195
-16.47751244 -4.23226931 1.730047965
-16.5419575 -3.796577583 1.204501285
-16.59278934 -3.539947371 0.5592449126
-16.62559446 -3.497144235 -0.1453779409
-16.64672355 -3.681994934 -0.8279446305
-16.65585855 -4.068899197 -1.411527057
-16.65942593 -4.605074537 -1.843312026
-16.66292573 -5.242157279 -2.094192776
-16.66636585 -5.931866044 -2.138210888
-16.66199083 -6.606634014 -1.963764417
-16.65604453 -7.19485408 -1.58998358
-16.65574579 -7.639926227 -1.055130962
-16.65925508 -7.900495108 -0.4056549943
-16.65979424 -7.946229528 0.297439315
-16.65187911 -7.768725624 0.9784624691
-16.62811532 -7.389582207 1.568484326
-16.57460658 -6.848147535 2.011359366
-16.50346899 -6.194937218 2.262196684
-16.44473594 -5.491502511 2.2925967
-16.43388692 -4.812789565 2.103976838
-16.51424324 -4.108162307 1.875894146
-16.59632987 -3.637642858 1.303590021
-16.64601239 -3.35748506 0.6018472715
-16.66958934 -3.308061137 -0.1635049005
-16.69092865 -3.507964327 -0.9044014516
-16.70605348 -3.928237106 -1.537496729
-16.71227309 -4.510278022 -2.005994033
-16.71339453 -5.201658123 -2.278638215
-16.71395249 -5.950099758 -2.32678148
-16.71014519 -6.682170243 -2.137412788
-16.70463524 -7.320122025 -1.731994483
-16.70124857 -7.803308104 -1.152051924
-16.6955163 -8.087434948 -0.4473140366
-16.68197542 -8.138785611 0.3164455171
-16.66006587 -7.947014805 1.056765209
-16.62346196 -7.535464561 1.69785214
-16.55921828 -6.947126706 2.178738825
-16.48665987 -6.236244228 2.45162968
-16.44029476 -5.470902112 2.486069953
-16.44828206 -4.735018099 2.282417121
-16.53857539 -3.982871415 2.02102523
-16.61797727 -3.472066982 1.402538603
-16.6540719 -3.167659213 0.644178455
-16.66571509 -3.114611064 -0.1832361997
-16.6800538 -3.33019416 -0.9839591055
-16.69519973 -3.783558887 -1.668106808
-16.70332216 -4.412314642 -2.174643402
-16.70695311 -5.159877905 -2.469174107
-16.70627858 -5.96875435 -2.52090031
-16.7002134 -6.759523915 -2.316310327
-16.69527502 -7.44882022 -1.878381449
-16.69580831 -7.970938316 -1.251644414
-16.6972176 -8.277633168 -0.4899944154
-16.69401805 -8.332280146 0.3351594879
-16.68356885 -8.123910663 1.134891452
-16.64986428 -7.678572572 1.827630978
-16.57410041 -7.043351076 2.347417016
-16.48157855 -6.276607557 2.642016603
-16.4225528 -5.4508697 2.679196372
-16.44768871 -4.658341263 2.459956029
-16.60650119 -3.867488922 2.162961526
-16.69539333 -3.320217048 1.497837011
-16.72577121 -2.990824293 0.6845747623
-16.72447806 -2.929480629 -0.2018341812
-16.72944388 -3.157279262 -1.060192254
-16.74304301 -3.642282916 -1.794310412
-16.7538134 -4.316997448 -2.337656192
-16.75989231 -5.119461279 -2.652968544
-16.75995577 -5.987000172 -2.707957393
-16.75246303 -6.834809123 -2.488972537
-16.74582578 -7.57366987 -2.020086647
-16.7446942 -8.133584685 -1.348129344
-16.73918921 -8.46362797 -0.5312895031
-16.72204234 -8.524024561 0.3541656224
-16.69358721 -8.301916006 1.213091787
-16.64799585 -7.82427627 1.957239085
-16.56973129 -7.141561729 2.51579936
-16.47719189 -6.317336932 2.832645904
-16.43088838 -5.432273716 2.872738695
-16.48751331 -4.587165943 2.636311539
-16.71377585 -3.770035728 2.293737917
-16.80024279 -3.183712206 1.584520913
-16.78557236 -2.814689663 0.7226599304
-16.74078433 -2.737493474 -0.2212966737
-16.73552257 -2.979159931 -1.139140414
-16.75357259 -3.497390953 -1.924479816
-16.7635206 -4.218990086 -2.506142804
-16.76710621 -5.077724285 -2.843502077
-16.76589734 -6.005729577 -2.902133673
-16.75769469 -6.912302623 -2.668000027
-16.75025977 -7.702545159 -2.166530636
-16.74750729 -8.301364662 -1.447683173
-16.74495721 -8.653757782 -0.5739252778
-16.73986163 -8.716937919 0.3728615032
-16.72403575 -8.477843157 1.291108949
-16.67890908 -7.966552794 2.086920183
-16.59060158 -7.237048045 2.6845113
-16.47857463 -6.357372111 3.022886593
-16.43523952 -5.416785445 3.063401768
-16.54512932 -4.525733545 2.805319635
-16.71377585 -3.770035728 2.293737917
-16.80024279 -3.183712206 1.584520913
-16.78557236 -2.814689663 0.7226599304
-16.75702252 -2.643274732 -0.246053726
-16.77264397 -2.803684343 -1.216083954
-16.79548104 -3.35509179 -2.051483345
-16.80627791 -4.122864596 -2.670762483
-16.8127684 -5.036923666 -3.029039649
-16.81445813 -6.024088504 -3.090515823
-16.80775098 -6.987665253 -2.841261124
-16.8016796 -7.827297048 -2.307968037
-16.7982814 -8.463791719 -1.543722896
-16.78926794 -8.839297441 -0.6149536594
-16.76726249 -8.908470888 0.3919394095
-16.73573624 -8.655639538 1.369463002
-16.6854967 -8.111704823 2.216896272
-16.59362294 -7.334810036 2.853104167
-16.48688622 -6.39918499 3.213276115
-16.45470642 -5.399984897 3.25697693
-16.55654881 -4.502571729 2.900586021
-16.71377585 -3.770035728 2.293737917
-16.80024279 -3.183712206 1.584520913
-16.78557236 -2.814689663 0.7226599304
-16.77324861 -2.454461773 -0.303995168
-16.76872184 -2.628101708 -1.302807974
-16.79245445 -3.210310984 -2.181899942
-16.8125437 -4.024722445 -2.839348797
-16.81954459 -4.995230837 -3.219590722
-16.81911568 -6.042859979 -3.284733442
-16.81030396 -7.065193502 -3.020320203
-16.80272664 -7.956235818 -2.454410499
-16.7996448 -8.631616405 -1.643226055
-16.7970442 -9.029286128 -0.6574852941
-16.78888509 -9.100999027 0.4107454819
-16.76853121 -8.831219582 1.447534895
-16.71936201 -8.253498462 2.346448516
-16.61947357 -7.430164599 3.021381653
-16.49976881 -6.440240328 3.403784729
-16.4818814 -5.395446938 3.449149182
-16.62721791 -4.479233569 3.081773283
-16.71377585 -3.770035728 2.293737917
-16.80024279 -3.183712206 1.584520913
-16.78557236 -2.814689663 0.7226599304
-16.77324861 -2.454461773 -0.303995168
-16.79118238 -2.547885656 -1.356363188
-16.84115491 -3.069640533 -2.309108006
-16.8660515 -3.929578969 -3.001460192
-16.8769343 -4.954907595 -3.402055582
-16.88109058 -6.060818533 -3.469335607
-16.87436435 -7.139086073 -3.189774115
-16.86534628 -8.079073531 -2.593179357
-16.85635446 -8.792758674 -1.738099297
-16.84411934 -9.214256857 -0.6982137149
-16.82612421 -9.291497568 0.4298734442
-16.79581215 -9.007609324 1.525871871
-16.73943031 -8.397382935 2.476423159
-16.63962588 -7.526650385 3.189738654
-16.51595206 -6.483650234 3.59425065
-16.48178659 -5.386070878 3.644728799
-16.59495932 -4.520822985 3.19968721
-16.71377585 -3.770035728 2.293737917
-16.80024279 -3.183712206 1.584520913
-16.78557236 -2.814689663 0.7226599304
-16.77324861 -2.454461773 -0.303995168
-16.7859394 -2.386017992 -1.472869212
-16.83869153 -2.929321399 -2.447531746
-16.87249196 -3.831855245 -3.170333138
-16.88945873 -4.913200023 -3.592310579
-16.89452279 -6.079583269 -3.663156551
-16.88646639 -7.216581965 -3.368462059
-16.8760517 -8.207906405 -2.739337701
-16.86908903 -8.960284974 -1.837268617
-16.86265567 -9.403722793 -0.7404095469
-16.85457404 -9.483335602 0.448787271
-16.83122173 -9.182737412 1.603914489
-16.7685736 -8.540104949 2.606046792
-16.65309652 -7.624791725 3.357967826
-16.52624126 -6.529986983 3.783858891
-16.48965259 -5.395790098 3.742534384
-16.57527376 -4.47388101 3.091115909
-16.71377585 -3.770035728 2.293737917
-16.80024279 -3.183712206 1.584520913
-16.78557236 -2.814689663 0.7226599304
-16.77324861 -2.454461773 -0.303995168
-16.8167677 -2.229400962 -1.592347195
-16.88083971 -2.794416775 -2.585478723
-16.92472699 -3.737794034 -3.334155215
-16.94693926 -4.872784384 -3.774759541
-16.95462568 -6.09750836 -3.848344288
-16.94911933 -7.290537242 -3.538346446
-16.93956297 -8.330601784 -2.877815193
-16.92802433 -9.121001479 -1.93159576
-16.91272328 -9.588064678 -0.7807639184
-16.8960308 -9.673031055 0.4679920043
-16.86931595 -9.357458181 1.681851257
-16.8064077 -8.681544091 2.735056255
-16.68345539 -7.721291744 3.525225015
-16.54859337 -6.583033903 3.972826779
-16.51567117 -5.423021161 3.938448085
-16.57527376 -4.47388101 3.091115909
-16.71377585 -3.770035728 2.293737917
-16.80024279 -3.183712206 1.584520913
-16.78557236 -2.814689663 0.7226599304
-16.77324861 -2.454461773 -0.303995168
-16.82340504 -2.075569897 -1.71905833
-16.89654662 -2.660829922 -2.730464729
-16.94279538 -3.64328274 -3.505112565
-16.96282307 -4.831650976 -3.965069146
-16.97024793 -6.116265812 -4.042008941
-16.96229263 -7.368018083 -3.71693825
-16.94760996 -8.459533032 -3.024013751
-16.93670904 -9.288650396 -2.030805923
-16.93044706 -9.777510026 -0.822847029
-16.92198794 -9.865371663 0.4871755572
-16.89553152 -9.53416125 1.760227669
-16.82357305 -8.826558317 2.864533023
-16.68877419 -7.823856057 3.692185462
-16.53895918 -6.641918989 4.160466656
-16.49051935 -5.431854784 3.936962121
-16.57527376 -4.47388101 3.091115909
-16.71377585 -3.770035728 2.293737917
-16.80024279 -3.183712206 1.584520913
-16.78557236 -2.814689663 0.7226599304
-16.77324861 -2.454461773 -0.303995168
-16.84785553 -2.004593579 -1.78475608
-16.94894599 -2.533565233 -2.87302998
-17.00315018 -3.553709663 -3.669417347
-17.02984604 -4.792837721 -4.145016875
-17.04151988 -6.133783035 -4.223425169
-17.03561526 -7.440739468 -3.883132822
-17.01950563 -8.580576046 -3.160061077
-17.0058327 -9.446507319 -2.123469299
-16.99610286 -9.957459438 -0.8621805635
-16.98569298 -10.04916542 0.5060030307
-16.96187531 -9.701608576 1.835753364
-16.89683969 -8.959377839 2.987659596
-16.7710572 -7.911959941 3.847277177
-16.64952775 -6.664181624 4.296962271
-16.55767274 -5.421719603 3.990223065
-16.57527376 -4.47388101 3.091115909
-16.71377585 -3.770035728 2.293737917
-16.80024279 -3.183712206 1.584520913
-16.78557236 -2.814689663 0.7226599304
-16.77324861 -2.454461773 -0.303995168
-16.82684735 -1.860668717 -1.921526485
-16.93827287 -2.407191518 -3.025264853
-17.00630965 -3.463138318 -3.84381928
-17.04050588 -4.753280259 -4.336330387
-17.05306268 -6.152977265 -4.41741804
-17.04753532 -7.518279864 -4.061833184
-17.03576344 -8.709112394 -3.305880848
-17.02716901 -9.613472462 -2.222044132
-17.01764931 -10.14679306 -0.9039453502
-17.00641841 -10.24214969 0.5253029831
-16.98235473 -9.879176043 1.914109254
-16.91236574 -9.105800762 3.116342833
-16.7915006 -8.010978744 4.012314495
-16.72405512 -6.708628685 4.453688452
-16.61736899 -5.430926071 4.057342559
-16.57527376 -4.47388101 3.091115909
-16.71377585 -3.770035728 2.293737917
-16.80024279 -3.183712206 1.584520913
-16.78557236 -2.814689663 0.7226599304
-16.77324861 -2.454461773 -0.303995168
-16.84970567 -1.715914909 -2.056970576
-16.96701205 -2.282662032 -3.176250734
-17.05313541 -3.375943177 -4.013431933
-17.10295957 -4.71563824 -4.518310223
-17.12534406 -6.170570416 -4.598436453
-17.12640596 -7.589925613 -4.226104751
-17.11389448 -8.828499489 -3.440062159
-17.10083096 -9.769962515 -2.313625748
-17.08796317 -10.32520204 -0.9427352342
-17.0770237 -10.42360314 0.5438725465
-17.05519176 -10.0447303 1.988464874
-16.97993544 -9.241009607 3.240268742
-16.83414964 -8.106108505 4.175995578
-16.7485112 -6.844298274 4.418301109
-16.69595296 -5.163654165 3.445227544
-16.57527376 -4.47388101 3.091115909
-16.71377585 -3.770035728 2.293737917
-16.80024279 -3.183712206 1.584520913
-16.78557236 -2.814689663 0.7226599304
-16.77324861 -2.454461773 -0.303995168
-16.96794392 -1.763369632 -2.25164316
-16.97902854 -2.228668745 -3.258789891
-17.08189035 -3.289669613 -4.188170051
-17.1408976 -4.678260879 -4.706937266
-17.165927 -6.189928241 -4.788488177
-17.15979224 -7.666880887 -4.402230816
-17.14153746 -8.956489042 -3.584817207
-17.12940134 -9.936293729 -2.411654231
-17.11840557 -10.51342487 -0.9841645419
-17.10698857 -10.61545249 0.5631926814
-17.08616051 -10.22109431 2.066179411
-17.02418002 -9.382116557 3.366349729
-16.85983447 -8.142855769 4.297206331
-16.7464674 -6.821834052 4.466171827
-16.69595296 -5.163654165 3.445227544
-16.57527376 -4.47388101 3.091115909
-16.71377585 -3.770035728 2.293737917
-16.80024279 -3.183712206 1.584520913
-16.78557236 -2.814689663 0.7226599304
-16.77324861 -2.454461773 -0.303995168
-16.96794392 -1.763369632 -2.25164316
-16.9895739 -2.179573218 -3.34497709
-17.10991456 -3.209148841 -4.366724555
-17.18347628 -4.642117021 -4.89480526
-17.2246745 -6.208714337 -4.973885195
-17.23066239 -7.739947315 -4.569271707
-17.21442346 -9.077399011 -3.720468091
-17.19834955 -10.09438206 -2.504027889
-17.18401009 -10.69346273 -1.023327886
-17.17345638 -10.79843653 0.5817031186
-17.15174558 -10.38923098 2.141152948
-17.07825542 -9.510781323 3.496689512
-16.89792249 -8.186502227 4.468325905
-16.76191711 -6.815266139 4.558118712
-16.69595296 -5.163654165 3.445227544
-16.57527376 -4.47388101 3.091115909
